%YAML:1.0
---
camera_numder: 2
image_width: 1920
image_height: 1080
A1: !!opencv-matrix
   rows: 3
   cols: 3
   dt: d
   data: [ 1.0966461999999999e+03, 0., 9.8299435000000005e+02, 0.,
       1.1000222000000001e+03, 5.4264126999999996e+02, 0., 0., 1. ]
D1: !!opencv-matrix
   rows: 5
   cols: 1
   dt: d
   data: [ 8.6731917000000006e-02, -8.5875384999999999e-02, 0.,
       -6.9555360999999996e-04, 1.0227208000000000e-03 ]
A2: !!opencv-matrix
   rows: 3
   cols: 3
   dt: d
   data: [ 1.0934811000000000e+03, 0., 9.8742101000000002e+02, 0.,
       1.0979471000000001e+03, 5.6410762000000000e+02, 0., 0., 1. ]
D2: !!opencv-matrix
   rows: 5
   cols: 1
   dt: d
   data: [ 8.9712627000000003e-02, -8.5770210999999999e-02, 0.,
       -3.3656172000000002e-05, -2.5651249000000002e-04 ]
R1: !!opencv-matrix
   rows: 3
   cols: 3
   dt: d
   data: [ 9.9995716999999995e-01, -4.2024102999999998e-03,
       -8.2461046000000000e-03, 4.2024102999999998e-03,
       9.9995716999999995e-01, -3.4654999000000003e-05,
       8.2464578000000007e-03, 0., 9.9993200000000004e-01 ]
R2: !!opencv-matrix
   rows: 3
   cols: 3
   dt: d
   data: [ 9.9993809000000000e-01, -4.3546052999999998e-03,
       -1.0239471000000000e-02, 4.3124673999999997e-03,
       9.9994810000000001e-01, -4.1471466999999998e-03,
       1.0257560000000001e-02, 4.1027325000000002e-03,
       9.9990497000000000e-01 ]
Anew: !!opencv-matrix
   rows: 3
   cols: 3
   dt: d
   data: [ 1.1550233000000001e+03, 0., 9.8520767999999998e+02, 0.,
       1.1550233000000001e+03, 5.5337444000000005e+02, 0., 0., 1. ]
roi1: [1000, 560, 1920, 1080]
roi2: [1000, 560, 1920, 1080]
